43704548   9/09/2022   59121   16   81.6
36471787   16/01/2023   46919   14   5.95   92517   13   11.9   22232   14   69.7   26484   17   29.75   76596   16   9.35
71422479   17/08/2022   18672   24   15.3   75565   20   46.75   37007   13   47.6
51465986   5/08/2022   22842   21   47.6
20371464   28/08/2022   24522   21   43.35   44253   13   36.55   68730   21   0.85   31389   8   52.7   92628   9   45.9
36934113   17/08/2022   37007   19   47.6   33390   7   28.9   73174   2   41.65   30690   21   41.65   39172   16   41.65
15290194   9/02/2023   81960   23   81.6   27447   3   59.5   61039   22   78.2   61211   12   78.2
20371464   12/08/2022   17645   22   22.95
85395219   26/01/2023   86476   24   11.05   70024   12   68.85   48244   15   25.5   77466   4   5.95   30430   4   22.1
93961840   2/10/2022   58259   7   85   96031   23   45.9   65536   6   1.7   60086   17   23.8   36208   9   63.75
61061535   2/08/2022   92517   6   11.9
62126128   28/02/2023   61211   8   78.2   14075   12   9.35   16681   16   22.1
85395219   17/08/2022   18672   20   15.3   30690   7   41.65   73174   6   41.65   16813   3   5.95
54815159   3/08/2022   91653   18   40.8   26506   17   28.05   46919   17   5.95   70950   22   45.05   55439   1   72.25
91187814   27/08/2022   86681   19   8.5
71422479   1/10/2022   46000   2   50.15   46000   6   50.15   37007   12   47.6   86451   17   21.25   84555   7   4.25
51642949   9/02/2023   17790   13   17
45201670   18/03/2023   48557   4   59.5   86681   14   8.5   34027   18   79.05   28992   4   64.6   67784   16   73.95
31284904   26/08/2022   43222   19   11.05   47734   25   39.1   98261   5   70.55
71422479   19/08/2022   80839   23   51
93282118   6/08/2022   47697   12   14.45   34027   21   79.05   55021   14   82.45   79189   14   73.1
34697743   5/08/2022   22842   19   47.6   79996   2   31.45
68114999   14/08/2022   95196   16   62.05   77203   16   80.75   53166   12   5.95   57036   3   38.25
95656771   6/02/2023   49685   16   45.05   64347   4   65.45   22232   10   69.7   82528   8   19.55
54149342   30/08/2022   98261   3   70.55   98679   24   41.65
99891737   15/08/2022   30796   6   54.4   30428   2   19.55   58200   15   56.1   22842   3   47.6   61039   16   78.2
54815159   27/10/2022   94429   15   52.7   31189   15   40.8   28892   22   26.35
93939698   29/08/2022   96554   13   4.25   26360   5   8.5   42053   9   10.2   33311   5   20.4
62126128   1/08/2022   42053   19   10.2   26920   11   45.05   47734   15   39.1
32538825   20/08/2022   96031   24   45.9
63640178   4/10/2022   19397   12   37.4   61295   18   84.15   72969   24   58.65   34066   24   51.85   83510   8   22.95
35852072   14/12/2022   33200   11   76.5   68730   15   0.85   70225   21   47.6   77358   25   61.2
72330000   26/08/2022   37549   15   44.2
93961840   13/08/2022   31883   3   67.15   44215   25   33.15
93939698   4/04/2023   84555   15   4.25   77203   9   80.75   36711   1   84.15   42861   12   23.8
36934113   1/09/2022   26920   25   45.05   65536   8   1.7   86681   15   8.5   43633   25   39.1
80694546   29/08/2022   36711   14   84.15   49685   21   45.05
63640178   14/01/2023   76247   25   59.5
68114999   26/08/2022   37549   25   44.2   42053   12   10.2   70303   18   72.25   65985   5   79.9
81647285   15/03/2023   36622   16   57.8   91653   6   40.8   89325   18   79.05   43222   16   11.05   30690   6   41.65
72973662   19/08/2022   80839   5   51   49685   8   45.05   42856   2   10.2
31284904   17/11/2022   30220   9   39.95   47734   20   39.1
54815159   12/02/2023   22232   5   69.7   31189   11   40.8   48244   13   25.5   55701   25   46.75   43222   19   11.05
72973662   9/02/2023   17790   13   17   28992   7   64.6   58252   23   34.85
93231760   27/10/2022   94429   17   52.7
77324146   25/10/2022   26754   8   68   28219   15   82.45   76247   13   59.5   58252   24   34.85   75565   22   46.75
72330000   9/02/2023   60685   22   79.9   42861   17   23.8   36711   18   84.15   68860   7   59.5   95540   23   28.05
61061535   29/08/2022   26484   3   29.75   86828   10   32.3
72973662   29/12/2022   30428   19   19.55   58200   25   56.1   30228   7   12.75   65667   22   61.2
51873364   22/10/2022   30228   1   12.75   53166   16   5.95   36208   12   63.75   28992   18   64.6   92517   2   11.9
45914393   21/08/2022   79189   25   73.1   92517   11   11.9   93578   8   55.25
35347567   7/04/2023   76238   19   56.95   81695   3   15.3
34571095   2/04/2023   40997   4   41.65   49644   9   73.95   51148   21   56.1
54149342   26/08/2022   43222   4   11.05   79996   23   31.45
36934113   27/11/2022   58200   19   56.1   26360   5   8.5   60685   22   79.9   73972   17   54.4   15098   10   81.6
49357767   12/03/2023   28992   12   64.6   30220   16   39.95   26754   2   68   81821   3   61.2
13731806   8/11/2022   93578   19   55.25   42856   9   10.2   70225   24   47.6   70807   10   22.95   25684   9   84.15
22679759   7/03/2023   53846   18   47.6   58036   25   33.15   31189   24   40.8
94683380   17/08/2022   84766   1   79.9
92275859   2/08/2022   77466   15   5.95   26506   15   28.05
35606314   4/04/2023   84555   1   4.25   24522   20   43.35
51465986   17/08/2022   37007   20   47.6   41995   7   25.5
93282118   30/08/2022   41995   1   25.5   64347   25   65.45
20371464   13/09/2022   48039   1   11.9   52072   17   63.75   84766   22   79.9   41995   11   25.5
65912822   6/08/2022   47697   16   14.45   90198   19   44.2
91187814   16/08/2022   39088   5   11.9   24522   16   43.35   51148   4   56.1
59561864   17/12/2022   72939   20   76.5
54149342   18/03/2023   34070   18   73.1   26506   14   28.05
62126128   17/10/2022   51148   25   56.1   27447   14   59.5
59596317   16/12/2022   77358   13   61.2
51642949   16/02/2023   65985   16   79.9   70113   17   30.6   89528   14   13.6
20371464   7/04/2023   76238   22   56.95   28219   21   82.45
52313890   17/08/2022   60888   21   7.65   30430   11   22.1   81821   8   61.2
32538825   10/03/2023   88266   15   73.95
54815159   23/02/2023   62008   11   17.85
37282858   29/08/2022   96554   12   4.25   37007   21   47.6   17845   20   5.1
27709566   23/08/2022   36822   7   9.35   30007   5   0.85   91653   15   40.8   85865   5   8.5   26484   4   29.75
45914393   19/08/2022   80839   23   51   30220   6   39.95   30430   1   22.1   84766   23   79.9   85641   7   28.9
43704548   1/08/2022   85325   6   56.1   37549   11   44.2   55021   1   82.45
62126128   17/08/2022   60888   5   7.65   42856   1   10.2   49644   22   73.95   33311   2   20.4   14075   24   9.35
93231760   27/03/2023   89528   13   13.6   49157   23   66.3
80694546   11/04/2023   82469   1   60.35   76596   6   9.35   30228   12   12.75   88994   21   39.1
36934113   4/12/2022   70225   24   47.6   26484   2   29.75   59121   7   81.6   28992   7   64.6
35852072   16/01/2023   81062   13   9.35   26360   17   8.5   89325   25   79.05   37007   4   47.6
93961840   1/09/2022   26920   18   45.05   18672   17   15.3   42856   17   10.2   68539   13   5.1   95540   1   28.05
41964357   16/08/2022   53200   21   68.85   70226   2   39.95   49157   22   66.3   17645   7   22.95
13731806   11/01/2023   11592   15   68   55021   25   82.45
14956687   18/04/2023   70116   13   23.8
32538825   1/09/2022   92560   25   28.9   16681   3   22.1   47697   8   14.45   26506   9   28.05
85395219   29/12/2022   30428   2   19.55   33311   4   20.4   57505   15   43.35   52072   3   63.75   22232   1   69.7
77440060   22/10/2022   30228   21   12.75   36622   22   57.8   46000   25   50.15
45914393   24/01/2023   22553   3   39.1   73972   20   54.4   61508   21   4.25   19397   13   37.4
62126128   1/08/2022   42053   11   10.2   94459   24   53.55   98261   3   70.55   77203   12   80.75
62287143   12/02/2023   22232   4   69.7   57269   23   34   40997   1   41.65
59561864   3/08/2022   40862   16   76.5
27709566   28/03/2023   88994   15   39.1   86681   4   8.5   55813   10   22.95   75565   13   46.75
31284904   27/08/2022   86681   15   8.5   16681   16   22.1   44253   22   36.55   86451   8   21.25
93231760   16/08/2022   47734   25   39.1
81647285   18/04/2023   70116   10   23.8   79996   17   31.45
28992638   17/08/2022   18672   4   15.3   15098   1   81.6   86158   1   47.6   42053   17   10.2   82528   6   19.55
45201670   21/08/2022   79189   22   73.1   79189   1   73.1   22553   8   39.1   30430   13   22.1   26360   8   8.5
53420926   6/08/2022   47697   21   14.45
99891737   9/09/2022   59121   25   81.6
81647285   1/08/2022   90198   22   44.2   58036   14   33.15   16299   22   49.3   33390   23   28.9
86988155   14/09/2022   81333   5   40.8
61061535   28/03/2023   88994   17   39.1   12388   9   76.5   97465   13   4.25   67784   9   73.95
68114999   1/09/2022   92560   8   28.9   62302   19   41.65   57505   20   43.35
61061535   20/08/2022   96031   10   45.9   52072   21   63.75   60086   4   23.8
95656771   24/01/2023   22553   24   39.1
86988155   29/12/2022   30428   4   19.55   58259   9   85
90367684   4/08/2022   28219   5   82.45   49644   17   73.95   92517   19   11.9
77440060   26/04/2023   68610   2   51.85   44215   19   33.15   92517   11   11.9   34027   4   79.05   46919   8   5.95
80694546   30/08/2022   41995   17   25.5   81821   15   61.2   42861   17   23.8
51873364   29/12/2022   30428   20   19.55   42861   14   23.8   26360   21   8.5   31311   20   65.45
94683380   6/09/2022   33276   1   11.05
22598563   8/11/2022   93578   5   55.25   96554   16   4.25   93578   15   55.25
30246960   29/08/2022   90300   20   40.8   28219   9   82.45
94683380   1/02/2023   40645   4   4.25   48244   20   25.5   53200   6   68.85   40997   12   41.65
36934113   29/08/2022   36711   2   84.15   82469   13   60.35   68539   1   5.1   74680   12   56.1
58643376   26/08/2022   43222   19   11.05
36471787   14/08/2022   44215   16   33.15   48557   21   59.5   45814   21   35.7   54692   21   28.9   81333   1   40.8
81539774   4/10/2022   19397   15   37.4
93961840   6/02/2023   17804   1   10.2   42856   6   10.2   16299   14   49.3
90367684   27/11/2022   12388   23   76.5   70303   5   72.25
36934113   30/10/2022   70113   7   30.6   55813   9   22.95   90198   11   44.2
45201670   14/08/2022   95196   15   62.05   17790   7   17
63640178   9/08/2022   80830   9   78.2
90367684   17/09/2022   97465   1   4.25   64347   13   65.45
15290194   4/04/2023   84555   3   4.25   43222   21   11.05   32486   17   24.65   34066   11   51.85   84771   11   39.1
58643376   3/03/2023   28892   23   26.35   89839   11   73.95   40862   17   76.5
62287143   20/10/2022   68860   17   59.5   85325   16   56.1   70303   20   72.25   33311   9   20.4   77358   9   61.2
59596317   27/04/2023   60509   23   58.65   60086   15   23.8
51465986   30/03/2023   73174   13   41.65   77534   18   38.25
49357767   4/08/2022   70024   5   68.85   59395   9   16.15   31311   23   65.45
93961840   1/08/2022   62302   11   41.65   22306   3   76.5   70303   15   72.25
53420926   1/08/2022   42053   15   10.2
30246960   29/11/2022   32486   25   24.65   30428   21   19.55   61508   19   4.25   16681   20   22.1
41964357   15/03/2023   36622   20   57.8   42856   3   10.2   96881   9   7.65   70226   14   39.95
17299012   27/10/2022   94429   14   52.7   26506   2   28.05   14962   18   46.75   68610   15   51.85
32538825   18/11/2022   41403   5   43.35
12484697   16/09/2022   15098   5   81.6   68539   19   5.1   22842   2   47.6   11370   13   2.55
86988155   1/09/2022   26920   11   45.05   38648   13   69.7   53166   10   5.95   40645   9   4.25
35347567   23/08/2022   79996   22   31.45   40997   24   41.65   38648   16   69.7   37007   4   47.6   18672   20   15.3
20371464   30/08/2022   98261   13   70.55   68730   16   0.85   70226   25   39.95
90367684   15/03/2023   36622   17   57.8
57182371   26/10/2022   68730   9   0.85
66039166   25/08/2022   48244   11   25.5   58036   17   33.15
32538825   29/08/2022   96554   18   4.25   83801   7   37.4   30690   6   41.65   90198   23   44.2
62126128   17/08/2022   84766   5   79.9   77358   7   61.2   70303   13   72.25
13731806   16/11/2022   61039   12   78.2   17845   6   5.1
68269451   1/08/2022   53084   5   0.85   47734   5   39.1
80694546   2/08/2022   77466   20   5.95   81062   1   9.35   74924   13   37.4
65912822   16/01/2023   46919   21   5.95
72330000   9/08/2022   33311   2   20.4   48244   14   25.5   46000   12   50.15   77534   19   38.25
62287143   27/11/2022   12388   8   76.5   31389   16   52.7   46919   15   5.95   73174   18   41.65   28992   24   64.6
68269451   16/08/2022   53200   4   68.85   53084   15   0.85   86158   4   47.6   72969   9   58.65
30246960   17/09/2022   97465   4   4.25   73972   19   54.4
99891737   6/12/2022   34027   21   79.05   15098   3   81.6   30430   17   22.1   94415   19   68.85   77358   14   61.2
15290194   6/09/2022   33276   11   11.05   52072   1   63.75   36649   14   79.05   62302   20   41.65
93282118   19/09/2022   98679   11   41.65   81960   1   81.6
93961840   29/08/2022   58252   7   34.85   14962   25   46.75   22232   8   69.7   98679   18   41.65   49756   9   52.7
51465986   22/10/2022   30228   20   12.75   68730   23   0.85   26360   11   8.5   86158   24   47.6   88681   10   53.55
93939698   1/08/2022   53084   6   0.85   22842   20   47.6
77440060   20/08/2022   96031   1   45.9   68860   21   59.5   24522   22   43.35   62008   14   17.85   81333   2   40.8
61061535   18/08/2022   26506   4   28.05
90367684   26/10/2022   68730   13   0.85
37282858   13/09/2022   48039   2   11.9   31189   6   40.8   26754   25   68
53420926   22/12/2022   67415   23   52.7   72495   24   43.35
12484697   14/01/2023   76247   11   59.5
22679759   21/01/2023   70303   11   72.25   91653   18   40.8   16359   9   75.65
51465986   27/08/2022   16055   4   45.9
77324146   29/12/2022   33390   13   28.9   12388   19   76.5   61039   17   78.2   31311   18   65.45
37282858   9/02/2023   17790   1   17   81821   9   61.2   96881   18   7.65   44253   22   36.55   34080   18   60.35
68114999   25/10/2022   26754   1   68
57182371   18/04/2023   70116   14   23.8
20371464   4/08/2022   68539   11   5.1   60685   13   79.9
54149342   4/08/2022   28219   19   82.45   90300   2   40.8   60509   21   58.65
54815159   17/09/2022   61508   25   4.25   58252   3   34.85   28219   11   82.45   73174   2   41.65
14956687   21/08/2022   79189   9   73.1
90367684   27/03/2023   89528   20   13.6   63555   6   43.35   68346   5   10.2   22842   16   47.6   76596   14   9.35
62287143   12/03/2023   28992   7   64.6   96031   1   45.9   79996   17   31.45   88994   13   39.1
81647285   16/01/2023   46919   17   5.95   91653   25   40.8   88266   25   73.95   17645   20   22.95   30690   8   41.65
54149342   12/03/2023   58036   17   33.15   95196   10   62.05   17804   5   10.2   70226   7   39.95   76247   23   59.5
51642949   27/11/2022   12388   11   76.5   76238   7   56.95
86988155   13/08/2022   31883   23   67.15   76247   4   59.5   53846   13   47.6
99891737   7/03/2023   53846   16   47.6   58259   3   85   30228   23   12.75   42856   21   10.2   76247   12   59.5
77324146   22/11/2022   74680   2   56.1   72969   1   58.65   43222   22   11.05
54815159   29/08/2022   96554   2   4.25   70116   9   23.8   26920   17   45.05   92517   18   11.9
15290194   29/08/2022   26484   15   29.75   26920   1   45.05
51873364   3/08/2022   91653   22   40.8   16299   19   49.3   46919   21   5.95   24522   18   43.35   40862   21   76.5
93961840   1/10/2022   46000   20   50.15   41995   15   25.5   89325   7   79.05   37549   23   44.2   81333   21   40.8
20371464   1/10/2022   46000   12   50.15   75565   12   46.75
12484697   10/08/2022   74924   14   37.4   43633   21   39.1   74680   9   56.1   75565   9   46.75
61061535   15/12/2022   43633   10   39.1   73174   2   41.65
34697743   1/09/2022   14962   18   46.75   90198   18   44.2   70807   4   22.95
43704548   27/01/2023   39779   15   85   36649   11   79.05   77358   3   61.2   47734   2   39.1   17804   21   10.2
68269451   25/08/2022   42861   19   23.8   34070   8   73.1
99891737   4/04/2023   84555   3   4.25
75100362   30/08/2022   41995   18   25.5   25684   11   84.15   94415   11   68.85   18672   7   15.3
13731806   24/08/2022   27016   17   51   28409   5   4.25   46919   13   5.95   47697   5   14.45
91187814   15/10/2022   57036   8   38.25   40997   3   41.65   40862   19   76.5   53084   8   0.85   64347   24   65.45
31284904   7/03/2023   53846   12   47.6
51642949   3/08/2022   91653   20   40.8
27709566   1/12/2022   45814   13   35.7   72495   2   43.35
59596317   1/09/2022   26920   22   45.05   98679   14   41.65   51148   14   56.1
99891737   11/04/2023   82469   13   60.35   30428   3   19.55   62008   24   17.85   24733   5   59.5
68269451   18/08/2022   61295   19   84.15   86828   1   32.3
35606314   3/04/2023   14075   18   9.35
85395219   26/01/2023   86476   13   11.05
36471787   3/04/2023   14075   23   9.35
35606314   27/01/2023   39779   22   85   70807   6   22.95
57182371   21/11/2022   81821   9   61.2   76238   25   56.95   92517   6   11.9   58252   17   34.85
93282118   26/10/2022   68730   7   0.85   86681   6   8.5   85325   24   56.1   68610   6   51.85   47734   11   39.1
59596317   14/12/2022   33200   15   76.5   92628   19   45.9   83510   12   22.95   83510   22   22.95
68114999   19/08/2022   96881   1   7.65   39088   19   11.9   25684   10   84.15   17645   2   22.95   49644   16   73.95
66091742   23/09/2022   75565   22   46.75   74924   19   37.4   60086   4   23.8   70950   23   45.05   31389   10   52.7
20371464   29/11/2022   32486   25   24.65   44253   16   36.55
15290194   14/08/2022   44215   21   33.15   50450   18   74.8
30246960   1/09/2022   26920   6   45.05   90300   5   40.8   34070   14   73.1
22598563   29/08/2022   26484   17   29.75
51642949   12/02/2023   22232   15   69.7   28409   17   4.25   88994   15   39.1   40862   5   76.5
49357767   2/10/2022   58259   21   85
13731806   8/08/2022   85641   6   28.9
27709566   18/03/2023   48557   3   59.5   31389   11   52.7   70950   14   45.05
34697743   4/08/2022   68539   12   5.1   91653   1   40.8   19397   9   37.4   72061   15   51   62302   20   41.65
93939698   29/11/2022   32486   5   24.65   16359   24   75.65   11592   24   68   90300   20   40.8
35852072   6/12/2022   34027   4   79.05   34070   6   73.1   58259   7   85   57505   20   43.35   81821   5   61.2
22598563   10/08/2022   36649   20   79.05   86158   6   47.6
95656771   3/08/2022   91653   23   40.8   77358   21   61.2   88994   16   39.1   34066   4   51.85
37282858   11/01/2023   11592   13   68   59121   5   81.6   70113   8   30.6   26920   10   45.05   95196   24   62.05
54149342   20/08/2022   96031   19   45.9   55701   3   46.75   77358   13   61.2
72330000   1/09/2022   26920   11   45.05
45914393   20/12/2022   67784   6   73.95   58252   14   34.85   95196   19   62.05   83801   16   37.4
93961840   13/11/2022   91282   2   6.8   54692   12   28.9
36471787   2/02/2023   55701   3   46.75   82528   8   19.55   85325   3   56.1   46000   9   50.15   25684   9   84.15
62126128   27/08/2022   16055   21   45.9
51642949   30/03/2023   92628   24   45.9   36622   11   57.8   83510   17   22.95   49685   23   45.05   28992   24   64.6
41964357   17/09/2022   97465   6   4.25
20371464   30/03/2023   73174   14   41.65
93282118   29/08/2022   60086   18   23.8   70303   14   72.25   39779   9   85   30690   7   41.65   40862   13   76.5
52313890   27/11/2022   58200   15   56.1   72969   8   58.65   57036   22   38.25   42053   22   10.2   88681   17   53.55
93961840   14/09/2022   81333   2   40.8   16299   7   49.3
86988155   22/11/2022   74680   25   56.1   39779   9   85
85395219   6/02/2023   17804   19   10.2   37007   2   47.6
71422479   23/09/2022   75565   3   46.75   86476   4   11.05   31189   10   40.8   22232   18   69.7   70116   23   23.8
77440060   26/08/2022   43222   2   11.05   76238   3   56.95   36711   6   84.15
62126128   6/02/2023   49685   3   45.05   77466   8   5.95
35606314   11/01/2023   11592   21   68   63555   18   43.35
54815159   18/03/2023   34070   4   73.1   73174   10   41.65   82469   22   60.35   39779   2   85
77324146   28/03/2023   88994   19   39.1   34066   5   51.85   16359   20   75.65   67415   9   52.7
65912822   18/03/2023   88681   4   53.55
22598563   29/08/2022   58252   20   34.85
12484697   13/09/2022   48039   9   11.9   94429   7   52.7   93578   3   55.25
72330000   30/03/2023   92628   20   45.9   70116   19   23.8   53200   19   68.85   30430   4   22.1
93939698   15/09/2022   72061   5   51   95196   19   62.05   26754   1   68
66091742   3/08/2022   40862   6   76.5   90198   17   44.2   41403   2   43.35   43633   9   39.1   32486   12   24.65
35852072   11/04/2023   82469   23   60.35   25684   13   84.15   47697   7   14.45   81960   15   81.6   72495   13   43.35
13731806   24/08/2022   36208   21   63.75   26484   23   29.75   80830   4   78.2   75565   3   46.75
15290194   9/08/2022   38648   2   69.7   90198   12   44.2   49157   2   66.3   68610   1   51.85   40997   1   41.65
51642949   18/12/2022   16299   5   49.3   88994   14   39.1   41403   8   43.35
22598563   28/02/2023   61211   7   78.2   37007   1   47.6   81062   9   9.35
93231760   30/03/2023   92628   8   45.9   86476   6   11.05   70116   24   23.8   90300   2   40.8
35852072   19/08/2022   80839   25   51   31189   23   40.8   84555   1   4.25   40862   24   76.5
71422479   22/08/2022   76360   15   32.3   55439   5   72.25   22842   4   47.6   40862   16   76.5
15290194   18/04/2023   70116   4   23.8
54149342   10/03/2023   88266   10   73.95
62287143   18/08/2022   61295   7   84.15
58643376   27/08/2022   16055   1   45.9   79996   10   31.45   54692   1   28.9   46919   12   5.95   70950   3   45.05
13731806   8/08/2022   77203   17   80.75   11370   12   2.55
51465986   9/09/2022   59121   25   81.6   81821   12   61.2   55439   24   72.25
15290194   18/08/2022   26506   18   28.05   88994   13   39.1   95540   3   28.05   65667   24   61.2   36711   15   84.15
54815159   22/11/2022   74680   19   56.1   86828   8   32.3   36622   23   57.8   70225   7   47.6
94683380   9/09/2022   30690   14   41.65   81695   22   15.3
72330000   26/10/2022   68730   9   0.85   59395   19   16.15   36649   19   79.05   53166   5   5.95
52313890   16/08/2022   17845   18   5.1
77324146   1/12/2022   45814   18   35.7   81695   12   15.3   30007   10   0.85   48557   5   59.5   77203   19   80.75
35852072   18/03/2023   88681   15   53.55   55813   13   22.95
93282118   18/03/2023   25684   16   84.15   53846   13   47.6   17845   15   5.1
62287143   4/08/2022   94459   16   53.55   16359   19   75.65   73174   12   41.65
12484697   12/08/2022   17645   16   22.95   81960   2   81.6
51465986   15/12/2022   43633   2   39.1   94415   3   68.85   47697   17   14.45   16299   3   49.3
62287143   16/09/2022   15098   24   81.6   40862   25   76.5
